Step: 5000
 exact_match = 74.92904446546831
 f1 = 90.42401412928298
Step: 5000
 exact_match = 75.56291390728477
 f1 = 90.6609152812802
