Step: 5000
 exact_match = 70.28382213812678
 f1 = 87.27808896237187
Step: 10000
 exact_match = 72.42194891201514
 f1 = 88.69165675470101
Step: 5000
 exact_match = 75.71428571428571
 f1 = 90.73847543464944
