Step: 5000
 exact_match = 72.85714285714286
 f1 = 89.23738673298931
Step: 5000
 exact_match = 72.85714285714286
 f1 = 89.23738673298931
Step: 10000
 exact_match = 74.93850520340587
 f1 = 90.3987288428834
Step: 15000
 exact_match = 76.96310312204352
 f1 = 91.32513474785314
