Step: 5000
 exact_match = 75.82781456953643
 f1 = 91.03203334325104
