Step: 5000
 exact_match = 76.26300851466415
 f1 = 90.98812446649413
