Step: 5000
 exact_match = 70.2554399243141
 f1 = 88.05526339633082
Step: 10000
 exact_match = 73.24503311258277
 f1 = 89.26543004325373
Step: 15000
 exact_match = 73.79375591296122
 f1 = 89.68672189353059
Step: 5000
 exact_match = 75.9035004730369
 f1 = 90.9188906413272
