Step: 5000
 exact_match = 76.26300851466415
 f1 = 90.90838869972107
