Step: 5000
 exact_match = 66.43330179754021
 f1 = 84.91758427746734
Step: 10000
 exact_match = 69.36613055818354
 f1 = 86.55049525894592
Step: 15000
 exact_match = 69.6972563859981
 f1 = 87.06007133546323
Step: 20000
 exact_match = 70.2081362346263
 f1 = 87.28171734280642
