Step: 5000
 exact_match = 76.25354777672659
 f1 = 91.09700060702447
