Step: 5000
 exact_match = 71.57994323557237
 f1 = 88.33834611188412
Step: 10000
 exact_match = 73.0558183538316
 f1 = 89.27440710804169
Step: 5000
 exact_match = 76.26300851466415
 f1 = 90.98812446649413
