Step: 5000
 exact_match = 67.37937559129612
 f1 = 85.17079230467498
Step: 10000
 exact_match = 69.15799432355723
 f1 = 86.51949604022215
Step: 15000
 exact_match = 70.02838221381268
 f1 = 86.97482455263724
Step: 20000
 exact_match = 70.21759697256385
 f1 = 87.31344161950523
