Step: 5000
 exact_match = 76.14001892147587
 f1 = 90.9852042574277
