Step: 5000
 exact_match = 76.02649006622516
 f1 = 91.03727959090622
